# kpline, ek, [weight] * n_orb_type
  0.000000   -8.146118    0.166667    0.500000    0.333333
  0.006840   -8.137876    0.166575    0.500274    0.333151
  0.013681   -8.113650    0.166311    0.501068    0.332621
  0.020521   -8.074758    0.165900    0.502301    0.331799
  0.027361   -8.022850    0.165381    0.503857    0.330762
  0.034202   -7.959264    0.164799    0.505604    0.329598
  0.041042   -7.884402    0.164196    0.507414    0.328391
  0.047882   -7.797343    0.163606    0.509183    0.327211
  0.054723   -7.695817    0.163054    0.510840    0.326107
  0.061563   -7.576601    0.162552    0.512343    0.325104
  0.068403   -7.436254    0.162107    0.513679    0.324214
  0.075244   -7.272036    0.161715    0.514856    0.323430
  0.082084   -7.082774    0.161368    0.515895    0.322737
  0.088924   -6.869474    0.161055    0.516836    0.322110
  0.095765   -6.635502    0.160757    0.517730    0.321513
  0.102605   -6.386284    0.160451    0.518647    0.320902
  0.109445   -6.128585    0.160111    0.519667    0.320222
  0.116286   -5.869499    0.159708    0.520875    0.319417
  0.123126   -5.615348    0.159215    0.522353    0.318432
  0.129967   -5.370742    0.158612    0.524164    0.317224
  0.136807   -5.137961    0.157884    0.526349    0.315768
  0.143647   -4.916827    0.157026    0.528920    0.314054
  0.150488   -4.705077    0.156041    0.531876    0.312083
  0.157328   -4.499184    0.154927    0.535217    0.309855
  0.164168   -4.295448    0.153675    0.538975    0.307350
  0.171009   -4.091124    0.152255    0.543235    0.304510
  0.177849   -3.885336    0.150616    0.548153    0.301231
  0.184689   -3.679552    0.148683    0.553951    0.297366
  0.191530   -3.477481    0.146374    0.560880    0.292747
  0.198370   -3.284404    0.143616    0.569154    0.287231
  0.205210   -3.106098    0.140375    0.578876    0.280749
  0.212051   -2.947677    0.136675    0.589976    0.273349
  0.218891   -2.812677    0.132599    0.602203    0.265198
  0.225731   -2.702635    0.128276    0.615174    0.256551
  0.232572   -2.617190    0.123846    0.628461    0.247692
  0.239412   -2.554530    0.119442    0.641673    0.238885
  0.246252   -2.511986    0.115165    0.654504    0.230330
  0.253093   -2.486554    0.111084    0.666747    0.222168
  0.259933   -2.475272    0.107241    0.678277    0.214482
  0.266773   -2.475417    0.103660    0.689021    0.207320
  0.273614   -2.484559    0.100354    0.698936    0.200710
  0.280454   -2.500531    0.097335    0.707993    0.194672
  0.287294   -2.521364    0.094610    0.716167    0.189223
  0.294135   -2.545238    0.092185    0.723442    0.184373
  0.300975   -2.570456    0.090062    0.729809    0.180129
  0.307815   -2.595467    0.088241    0.735271    0.176488
  0.314656   -2.618893    0.086717    0.739840    0.173443
  0.321496   -2.639567    0.085484    0.743535    0.170981
  0.328336   -2.656556    0.084533    0.746378    0.169089
  0.335177   -2.669162    0.083855    0.748386    0.167759
  0.342017   -2.676908    0.083421    0.749555    0.167024
  0.348857   -2.679519    0.005749    0.575167    0.419083
  0.353694   -2.678053    0.249763    0.750237    0.000000
  0.358531   -2.673660    0.249941    0.750059    0.000000
  0.363368   -2.666349    0.249975    0.750025    0.000000
  0.368205   -2.656134    0.249987    0.750013    0.000000
  0.373042   -2.643029    0.249993    0.750007    0.000000
  0.377879   -2.627043    0.249997    0.750003    0.000000
  0.382715   -2.608175    0.249999    0.750001    0.000000
  0.387552   -2.586410    0.250000    0.750000    0.000000
  0.392389   -2.561719    0.250000    0.750000    0.000000
  0.397226   -2.534061    0.250000    0.750000    0.000000
  0.402063   -2.503385    0.249999    0.750001    0.000000
  0.406900   -2.469636    0.249998    0.750002    0.000000
  0.411737   -2.432766    0.249995    0.750005    0.000000
  0.416573   -2.392743    0.249990    0.750010    0.000000
  0.421410   -2.349561    0.249939    0.750061    0.000000
  0.426247   -2.314057    0.072890    0.218744    0.708366
  0.431084   -2.283198    0.071032    0.213127    0.715840
  0.435921   -2.255205    0.068900    0.206718    0.724381
  0.440758   -2.231037    0.066483    0.199459    0.734059
  0.445595   -2.211662    0.063772    0.191323    0.744905
  0.450431   -2.198018    0.060774    0.182326    0.756900
  0.455268   -2.190956    0.057509    0.172530    0.769961
  0.460105   -2.191184    0.054017    0.162052    0.783931
  0.464942   -2.199206    0.050353    0.151058    0.798590
  0.469779   -2.215287    0.046584    0.139753    0.813662
  0.474616   -2.239427    0.042788    0.128366    0.828846
  0.479453   -2.271369    0.039040    0.117120    0.843840
  0.484289   -2.310624    0.035406    0.106220    0.858374
  0.489126   -2.356517    0.031943    0.095831    0.872225
  0.493963   -2.408239    0.028691    0.086075    0.885234
  0.498800   -2.464897    0.025675    0.077026    0.897299
  0.503637   -2.525551    0.022906    0.068719    0.908376
  0.508474   -2.589246    0.020385    0.061155    0.918460
  0.513310   -2.655026    0.018104    0.054314    0.927581
  0.518147   -2.721954    0.016052    0.048158    0.935790
  0.522984   -2.789111    0.014213    0.042639    0.943148
  0.527821   -2.855606    0.012568    0.037705    0.949727
  0.532658   -2.920583    0.011101    0.033304    0.955595
  0.537495   -2.983233    0.009795    0.029383    0.960822
  0.542332   -3.042804    0.008633    0.025897    0.965470
  0.547168   -3.098619    0.007601    0.022803    0.969595
  0.552005   -3.150091    0.006689    0.020066    0.973246
  0.556842   -3.196736    0.005885    0.017655    0.976459
  0.561679   -3.238186    0.005184    0.015551    0.979266
  0.566516   -3.274190    0.004579    0.013737    0.981684
  0.571353   -3.304604    0.004068    0.012204    0.983728
  0.576190   -3.329381    0.003650    0.010949    0.985402
  0.581026   -3.348544    0.003323    0.009969    0.986708
  0.585863   -3.362154    0.003089    0.009268    0.987643
  0.590700   -3.370283    0.002948    0.008845    0.988206
  0.595537   -3.372985    0.002902    0.008705    0.988394
  0.600374   -3.375154    0.003176    0.009528    0.987297
  0.605211   -3.381827    0.004016    0.012048    0.983936
  0.610048   -3.393496    0.005471    0.016414    0.978115
  0.614884   -3.410936    0.007617    0.022851    0.969532
  0.619721   -3.435147    0.010544    0.031632    0.957824
  0.624558   -3.467272    0.014345    0.043034    0.942621
  0.629395   -3.508497    0.019095    0.057284    0.923622
  0.634232   -3.559938    0.024833    0.074498    0.900669
  0.639069   -3.622529    0.031545    0.094636    0.873818
  0.643906   -3.696915    0.039157    0.117470    0.843373
  0.648742   -3.783374    0.047527    0.142582    0.809891
  0.653579   -3.881770    0.056465    0.169396    0.774139
  0.658416   -3.991551    0.065747    0.197242    0.737011
  0.663253   -4.111792    0.075140    0.225421    0.699439
  0.668090   -4.241274    0.084425    0.253276    0.662299
  0.672927   -4.378598    0.093414    0.280242    0.626344
  0.677763   -4.522294    0.101957    0.305871    0.592173
  0.682600   -4.670933    0.109947    0.329840    0.560213
  0.687437   -4.823209    0.117315    0.351946    0.530739
  0.692274   -4.977993    0.124026    0.372080    0.503894
  0.697111   -5.134349    0.130072    0.390216    0.479712
  0.701948   -5.291532    0.135463    0.406390    0.458147
  0.706785   -5.448949    0.140227    0.420682    0.439091
  0.711621   -5.606121    0.144402    0.433207    0.422391
  0.716458   -5.762626    0.148035    0.444104    0.407861
  0.721295   -5.918060    0.151175    0.453526    0.395299
  0.726132   -6.071990    0.153877    0.461630    0.384493
  0.730969   -6.223932    0.156192    0.468576    0.375231
  0.735806   -6.373334    0.158172    0.474515    0.367313
  0.740643   -6.519578    0.159863    0.479587    0.360550
  0.745479   -6.661997    0.161306    0.483918    0.354775
  0.750316   -6.799907    0.162539    0.487616    0.349845
  0.755153   -6.932638    0.163590    0.490771    0.345639
  0.759990   -7.059577    0.164485    0.493454    0.342062
  0.764827   -7.180201    0.165240    0.495720    0.339040
  0.769664   -7.294108    0.165870    0.497610    0.336520
  0.774501   -7.401021    0.166385    0.499155    0.334460
  0.779337   -7.500797    0.166792    0.500377    0.332831
  0.784174   -7.593396    0.167098    0.501294    0.331608
  0.789011   -7.678862    0.167309    0.501926    0.330766
  0.793848   -7.757276    0.167432    0.502295    0.330274
  0.798685   -7.828723    0.167476    0.502428    0.330097
  0.803522   -7.893250    0.167453    0.502359    0.330188
  0.808359   -7.950844    0.167377    0.502130    0.330493
  0.813195   -8.001417    0.167262    0.501787    0.330951
  0.818032   -8.044809    0.167127    0.501380    0.331494
  0.822869   -8.080803    0.166987    0.500960    0.332053
  0.827706   -8.109152    0.166858    0.500575    0.332567
  0.832543   -8.129612    0.166756    0.500267    0.332977
  0.837380   -8.141979    0.166689    0.500069    0.333242
  0.842216   -8.146118    0.166667    0.500000    0.333333
  0.848140   -8.139908    0.166667    0.500000    0.333334
  0.854064   -8.121323    0.166665    0.499996    0.333339
  0.859988   -8.090482    0.166659    0.499978    0.333363
  0.865912   -8.047538    0.166643    0.499929    0.333428
  0.871836   -7.992619    0.166609    0.499828    0.333564
  0.877760   -7.925783    0.166547    0.499643    0.333810
  0.883684   -7.846988    0.166446    0.499340    0.334214
  0.889608   -7.756103    0.166292    0.498876    0.334833
  0.895532   -7.652963    0.166067    0.498203    0.335730
  0.901456   -7.537462    0.165756    0.497267    0.336977
  0.907380   -7.409664    0.165337    0.496010    0.338654
  0.913303   -7.269920    0.164789    0.494366    0.340844
  0.919227   -7.118950    0.164092    0.492273    0.343636
  0.925151   -6.957872    0.163222    0.489664    0.347113
  0.931075   -6.788163    0.162162    0.486483    0.351355
  0.936999   -6.611553    0.160895    0.482680    0.356425
  0.942923   -6.429855    0.159408    0.478220    0.362371
  0.948847   -6.244768    0.157697    0.473086    0.369217
  0.954771   -6.057681    0.155760    0.467276    0.376964
  0.960695   -5.869515    0.153602    0.460800    0.385598
  0.966619   -5.680629    0.151226    0.453675    0.395099
  0.972543   -5.490811    0.148638    0.445910    0.405452
  0.978466   -5.299362    0.145836    0.437504    0.416660
  0.984390   -5.105246    0.142810    0.428429    0.428761
  0.990314   -4.907305    0.139544    0.418630    0.441827
  0.996238   -4.704504    0.136007    0.408023    0.455970
  1.002162   -4.496161    0.132166    0.396501    0.471332
  1.008086   -4.282162    0.127981    0.383946    0.488073
  1.014010   -4.063098    0.123414    0.370245    0.506341
  1.019934   -3.840325    0.118436    0.355312    0.526251
  1.025858   -3.615925    0.113037    0.339114    0.547849
  1.031782   -3.392562    0.107229    0.321690    0.571081
  1.037706   -3.173258    0.101055    0.303167    0.595778
  1.043629   -2.961121    0.094588    0.283764    0.621648
  1.049553   -2.759062    0.087925    0.263775    0.648300
  1.055477   -2.569576    0.081180    0.243540    0.675280
  1.061401   -2.394591    0.074470    0.223408    0.702122
  1.067325   -2.235434    0.067902    0.203704    0.728394
  1.073249   -2.092873    0.061566    0.184695    0.753740
  1.079173   -1.967228    0.055529    0.166584    0.777887
  1.085097   -1.858493    0.049838    0.149510    0.800652
  1.091021   -1.766454    0.044521    0.133557    0.821921
  1.096945   -1.690762    0.039594    0.118771    0.841636
  1.102869   -1.631860    0.001169    0.026875    0.971956
  1.108792   -1.633906    0.001278    0.026541    0.972181
  1.114716   -1.632979    0.001457    0.026191    0.972352
  1.120640   -1.629148    0.001783    0.025781    0.972437
  1.126564   -1.622529    0.002517    0.024887    0.972597
  1.132488   -1.613310    0.005589    0.021398    0.973012
  1.138412   -1.601751    0.026024    0.036404    0.937572
  1.144336   -1.588189    0.000247    0.082118    0.917635
  1.150260   -1.619792    0.012155    0.036464    0.951382
  1.156184   -1.655613    0.010665    0.031995    0.957340
  1.162108   -1.693860    0.009382    0.028146    0.962472
  1.168032   -1.732885    0.008276    0.024826    0.966898
  1.173955   -1.771233    0.007320    0.021959    0.970722
  1.179879   -1.807659    0.006493    0.019478    0.974029
  1.185803   -1.841117    0.005777    0.017332    0.976891
  1.191727   -1.870734    0.005160    0.015479    0.979362
  1.197651   -1.895768    0.004629    0.013887    0.981483
  1.203575   -1.915557    0.004177    0.012532    0.983291
  1.209499   -1.929485    0.003797    0.011390    0.984813
  1.215423   -1.936946    0.003481    0.010443    0.986076
  1.221347   -1.937332    0.003224    0.009672    0.987104
  1.227271   -1.930025    0.003020    0.009061    0.987919
  1.233195   -1.914411    0.002864    0.008592    0.988544
  1.239119   -1.889897    0.002750    0.008250    0.989000
  1.245042   -1.855940    0.002673    0.008020    0.989307
  1.250966   -1.812071    0.002629    0.007889    0.989482
  1.256890   -1.757915    0.002614    0.007844    0.989542
  1.262814   -1.693215    0.002625    0.007874    0.989501
  1.268738   -1.617838    0.002657    0.007971    0.989372
  1.274662   -1.531774    0.002708    0.008126    0.989166
  1.280586   -1.503099    0.222946    0.278743    0.498311
  1.286510   -1.539311    0.234988    0.295796    0.469217
  1.292434   -1.580302    0.245562    0.312286    0.442151
  1.298358   -1.625692    0.009542    0.477784    0.512674
  1.304282   -1.675000    0.010093    0.493259    0.496648
  1.310205   -1.727673    0.010264    0.507484    0.482252
  1.316129   -1.783107    0.010345    0.520100    0.469555
  1.322053   -1.840674    0.010365    0.531071    0.458564
  1.327977   -1.899735    0.010333    0.540441    0.449225
  1.333901   -1.959658    0.010251    0.548311    0.441438
  1.339825   -2.019833    0.010121    0.554825    0.435053
  1.345749   -2.079682    0.009951    0.560183    0.429866
  1.351673   -2.138668    0.009750    0.564662    0.425588
  1.357597   -2.196297    0.009541    0.568703    0.421756
  1.363521   -2.252125    0.009385    0.573165    0.417450
  1.369445   -2.305754    0.009515    0.580331    0.410155
  1.375368   -2.356827    0.011812    0.600176    0.388012
  1.381292   -2.405029    0.142833    0.699537    0.157630
  1.387216   -2.450077    0.316851    0.496923    0.186226
  1.393140   -2.491710    0.321776    0.477802    0.200422
  1.399064   -2.529694    0.322708    0.477196    0.200096
  1.404988   -2.563807    0.322039    0.484117    0.193844
  1.410912   -2.593847    0.317972    0.501655    0.180373
  1.416836   -2.619625    0.293043    0.556406    0.150551
  1.422760   -2.640971    0.087486    0.666522    0.245992
  1.428684   -2.657740    0.014969    0.607069    0.377962
  1.434608   -2.669808    0.007797    0.585432    0.406771
  1.440531   -2.677087    0.006199    0.577796    0.416005
  1.446455   -2.679519    0.005749    0.575167    0.419083
  1.446455   -1.588189    0.000247    0.082118    0.917635
  1.449876   -1.601848    0.019462    0.058386    0.922152
  1.453296   -1.613961    0.018162    0.054486    0.927353
  1.456716   -1.624539    0.016922    0.050765    0.932313
  1.460136   -1.633598    0.015739    0.047218    0.937042
  1.463556   -1.641159    0.014613    0.043840    0.941546
  1.466976   -1.659676    0.000122    0.000365    0.999513
  1.470397   -1.684676    0.000164    0.000492    0.999344
  1.473817   -1.713027    0.000212    0.000636    0.999152
  1.477237   -1.744551    0.000265    0.000796    0.998939
  1.480657   -1.779062    0.000323    0.000970    0.998707
  1.484077   -1.816373    0.000386    0.001157    0.998457
  1.487497   -1.856294    0.000452    0.001356    0.998192
  1.490918   -1.898639    0.000522    0.001565    0.997913
  1.494338   -1.943219    0.000594    0.001783    0.997623
  1.497758   -1.989844    0.000669    0.002008    0.997323
  1.501178   -2.038325    0.000746    0.002239    0.997014
  1.504598   -2.088467    0.000825    0.002475    0.996699
  1.508018   -2.140070    0.000905    0.002715    0.996380
  1.511439   -2.192925    0.000986    0.002958    0.996056
  1.514859   -2.246818    0.001067    0.003203    0.995730
  1.518279   -2.301523    0.001149    0.003448    0.995402
  1.521699   -2.356807    0.001232    0.003695    0.995073
  1.525119   -2.412432    0.001314    0.003943    0.994743
  1.528540   -2.468154    0.001397    0.004191    0.994412
  1.531960   -2.523729    0.001480    0.004439    0.994081
  1.535380   -2.578916    0.001562    0.004687    0.993750
  1.538800   -2.633476    0.001645    0.004936    0.993418
  1.542220   -2.687185    0.001728    0.005185    0.993087
  1.545640   -2.739825    0.001811    0.005433    0.992756
  1.549061   -2.791199    0.001893    0.005680    0.992427
  1.552481   -2.841122    0.001975    0.005925    0.992100
  1.555901   -2.889428    0.002056    0.006167    0.991777
  1.559321   -2.935970    0.002135    0.006406    0.991459
  1.562741   -2.980618    0.002213    0.006639    0.991148
  1.566161   -3.023256    0.002288    0.006865    0.990846
  1.569582   -3.063784    0.002361    0.007083    0.990556
  1.573002   -3.102115    0.002430    0.007291    0.990279
  1.576422   -3.138169    0.002496    0.007487    0.990017
  1.579842   -3.171876    0.002557    0.007671    0.989772
  1.583262   -3.203172    0.002614    0.007841    0.989546
  1.586682   -3.231995    0.002665    0.007995    0.989339
  1.590103   -3.258289    0.002712    0.008135    0.989153
  1.593523   -3.281997    0.002753    0.008259    0.988989
  1.596943   -3.303068    0.002789    0.008366    0.988845
  1.600363   -3.321449    0.002820    0.008459    0.988722
  1.603783   -3.337095    0.002845    0.008535    0.988620
  1.607203   -3.349960    0.002866    0.008597    0.988537
  1.610624   -3.360009    0.002882    0.008645    0.988474
  1.614044   -3.367210    0.002893    0.008678    0.988429
  1.617464   -3.371540    0.002899    0.008698    0.988403
  1.620884   -3.372985    0.002902    0.008705    0.988394

  0.000000   -0.091549    0.000000    0.000000    1.000000
  0.006840   -0.092070    0.000000    0.000000    1.000000
  0.013681   -0.093584    0.000000    0.000000    1.000000
  0.020521   -0.095949    0.000000    0.000000    1.000000
  0.027361   -0.098951    0.000000    0.000000    1.000000
  0.034202   -0.102324    0.000000    0.000000    0.999999
  0.041042   -0.105781    0.000001    0.000001    0.999997
  0.047882   -0.109033    0.000003    0.000003    0.999994
  0.054723   -0.111803    0.000007    0.000007    0.999987
  0.061563   -0.113828    0.000013    0.000013    0.999975
  0.068403   -0.114851    0.000022    0.000022    0.999956
  0.075244   -0.114609    0.000036    0.000036    0.999928
  0.082084   -0.112812    0.000055    0.000055    0.999890
  0.088924   -0.109136    0.000002    0.000002    0.999996
  0.095765   -0.103208    0.000005    0.000005    0.999990
  0.102605   -0.094616    0.000011    0.000011    0.999978
  0.109445   -0.082915    0.000028    0.000028    0.999943
  0.116286   -0.067649    0.000086    0.000086    0.999829
  0.123126   -0.048372    0.000200    0.000200    0.999600
  0.129967   -0.024669    0.000336    0.000336    0.999329
  0.136807    0.003822    0.000477    0.000477    0.999046
  0.143647    0.037406    0.000629    0.000629    0.998743
  0.150488    0.031137    0.250000    0.250000    0.500000
  0.157328   -0.111071    0.250000    0.250000    0.500000
  0.164168   -0.254535    0.250000    0.250000    0.500000
  0.171009   -0.398715    0.250000    0.250000    0.500000
  0.177849   -0.542976    0.250000    0.250000    0.500001
  0.184689   -0.686593    0.250000    0.250000    0.500001
  0.191530   -0.828773    0.250000    0.249999    0.500001
  0.198370   -0.968698    0.249999    0.249999    0.500001
  0.205210   -1.105578    0.249999    0.249999    0.500001
  0.212051   -1.238701    0.249999    0.249999    0.500001
  0.218891   -1.367477    0.249999    0.249999    0.500001
  0.225731   -1.491465    0.249999    0.249999    0.500001
  0.232572   -1.610367    0.249999    0.249999    0.500001
  0.239412   -1.724009    0.249999    0.249999    0.500001
  0.246252   -1.832298    0.250000    0.250000    0.500001
  0.253093   -1.935168    0.250000    0.250000    0.500001
  0.259933   -2.032531    0.250000    0.250000    0.500000
  0.266773   -2.124236    0.250000    0.250000    0.500000
  0.273614   -2.210049    0.250000    0.250000    0.500000
  0.280454   -2.289654    0.250000    0.250000    0.499999
  0.287294   -2.362680    0.250000    0.250000    0.499999
  0.294135   -2.428737    0.250001    0.250001    0.499999
  0.300975   -2.487462    0.250001    0.250001    0.499998
  0.307815   -2.538557    0.250001    0.250001    0.499997
  0.314656   -2.581820    0.250002    0.250002    0.499996
  0.321496   -2.617147    0.250003    0.250003    0.499994
  0.328336   -2.644525    0.250006    0.250006    0.499989
  0.335177   -2.664000    0.250012    0.250012    0.499976
  0.342017   -2.675645    0.250046    0.250046    0.499909
  0.348857   -2.679519    0.327584    0.424833    0.247583
  0.353694   -2.677741    0.083537    0.249664    0.666799
  0.358531   -2.672419    0.083260    0.249542    0.667198
  0.363368   -2.663592    0.083060    0.249079    0.667862
  0.368205   -2.651327    0.082815    0.248396    0.668789
  0.373042   -2.635718    0.082511    0.247507    0.669982
  0.377879   -2.616894    0.082142    0.246413    0.671446
  0.382715   -2.595018    0.081704    0.245106    0.673190
  0.387552   -2.570298    0.081192    0.243575    0.675233
  0.392389   -2.542989    0.080599    0.241797    0.677604
  0.397226   -2.513401    0.079914    0.239743    0.680343
  0.402063   -2.481905    0.079125    0.237373    0.683502
  0.406900   -2.448945    0.078215    0.234638    0.687147
  0.411737   -2.415038    0.077165    0.231476    0.691359
  0.416573   -2.380784    0.075952    0.227816    0.696231
  0.421410   -2.346868    0.074595    0.223541    0.701865
  0.426247   -2.303242    0.250018    0.749982    0.000000
  0.431084   -2.253847    0.250008    0.749992    0.000000
  0.435921   -2.201468    0.250004    0.749996    0.000000
  0.440758   -2.146225    0.250002    0.749998    0.000000
  0.445595   -2.088255    0.250001    0.749999    0.000000
  0.450431   -2.027695    0.250001    0.749999    0.000000
  0.455268   -1.964667    0.250000    0.750000    0.000000
  0.460105   -1.899259    0.250000    0.750000    0.000000
  0.464942   -1.831510    0.250000    0.750000    0.000000
  0.469779   -1.761402    0.250000    0.750000    0.000000
  0.474616   -1.688854    0.250000    0.750000    0.000000
  0.479453   -1.613727    0.250000    0.750000    0.000000
  0.484289   -1.535839    0.250000    0.750000    0.000000
  0.489126   -1.454982    0.250000    0.750000    0.000000
  0.493963   -1.370947    0.250000    0.750000    0.000000
  0.498800   -1.283556    0.250000    0.750000    0.000000
  0.503637   -1.192690    0.250000    0.750000    0.000000
  0.508474   -1.098309    0.250000    0.750000    0.000000
  0.513310   -1.000478    0.250000    0.750000    0.000000
  0.518147   -0.899373    0.250000    0.750000    0.000000
  0.522984   -0.795287    0.250000    0.750000    0.000000
  0.527821   -0.852347    0.000000    0.000000    1.000000
  0.532658   -0.919338    0.000000    0.000000    1.000000
  0.537495   -0.981716    0.000000    0.000000    1.000000
  0.542332   -1.039369    0.000000    0.000000    1.000000
  0.547168   -1.092203    0.000000    0.000000    1.000000
  0.552005   -1.140140    0.000000    0.000000    1.000000
  0.556842   -1.183119    0.000000    0.000000    1.000000
  0.561679   -1.221095    0.000000    0.000000    1.000000
  0.566516   -1.254035    0.000000    0.000000    1.000000
  0.571353   -1.281918    0.000000    0.000000    1.000000
  0.576190   -1.304734    0.000000    0.000000    1.000000
  0.581026   -1.322478    0.000000    0.000000    1.000000
  0.585863   -1.335150    0.000000    0.000000    1.000000
  0.590700   -1.342752    0.000000    0.000000    1.000000
  0.595537   -1.345285    0.000000    0.000000    1.000000
  0.600374   -1.344205    0.000000    0.000000    1.000000
  0.605211   -1.340968    0.000000    0.000000    1.000000
  0.610048   -1.335580    0.000000    0.000000    1.000000
  0.614884   -1.328050    0.000000    0.000000    1.000000
  0.619721   -1.318396    0.000000    0.000000    1.000000
  0.624558   -1.306638    0.000000    0.000000    1.000000
  0.629395   -1.292803    0.000000    0.000000    1.000000
  0.634232   -1.276925    0.000000    0.000000    1.000000
  0.639069   -1.259047    0.000000    0.000000    1.000000
  0.643906   -1.239217    0.000000    0.000000    1.000000
  0.648742   -1.217495    0.000000    0.000000    1.000000
  0.653579   -1.193947    0.000000    0.000000    1.000000
  0.658416   -1.168650    0.000000    0.000000    1.000000
  0.663253   -1.141689    0.000000    0.000000    1.000000
  0.668090   -1.113155    0.000000    0.000000    1.000000
  0.672927   -1.083150    0.000000    0.000000    1.000000
  0.677763   -1.051780    0.000000    0.000000    1.000000
  0.682600   -1.019157    0.000000    0.000000    1.000000
  0.687437   -0.985397    0.000000    0.000000    1.000000
  0.692274   -0.950620    0.000000    0.000000    1.000000
  0.697111   -0.914947    0.000000    0.000000    1.000000
  0.701948   -0.878502    0.000000    0.000000    1.000000
  0.706785   -0.841408    0.000000    0.000000    1.000000
  0.711621   -0.803791    0.000000    0.000000    1.000000
  0.716458   -0.765776    0.000000    0.000000    1.000000
  0.721295   -0.727491    0.000000    0.000000    1.000000
  0.726132   -0.689063    0.000000    0.000000    1.000000
  0.730969   -0.650625    0.000000    0.000000    1.000000
  0.735806   -0.612312    0.000000    0.000000    1.000000
  0.740643   -0.574263    0.000000    0.000000    1.000000
  0.745479   -0.536621    0.000000    0.000000    1.000000
  0.750316   -0.499533    0.000000    0.000000    1.000000
  0.755153   -0.463154    0.000000    0.000000    1.000000
  0.759990   -0.427639    0.000000    0.000000    1.000000
  0.764827   -0.393146    0.000000    0.000000    1.000000
  0.769664   -0.359837    0.000000    0.000000    1.000000
  0.774501   -0.327868    0.000000    0.000000    1.000000
  0.779337   -0.297397    0.000000    0.000000    1.000000
  0.784174   -0.268573    0.000000    0.000000    1.000000
  0.789011   -0.241540    0.000000    0.000000    1.000000
  0.793848   -0.216429    0.000000    0.000000    1.000000
  0.798685   -0.193364    0.000000    0.000000    1.000000
  0.803522   -0.172454    0.000000    0.000000    1.000000
  0.808359   -0.153795    0.000000    0.000000    1.000000
  0.813195   -0.137469    0.000000    0.000000    1.000000
  0.818032   -0.123546    0.000000    0.000000    1.000000
  0.822869   -0.112083    0.000000    0.000000    1.000000
  0.827706   -0.103123    0.000000    0.000000    1.000000
  0.832543   -0.096701    0.000000    0.000000    1.000000
  0.837380   -0.092838    0.000000    0.000000    1.000000
  0.842216   -0.091549    0.000000    0.000000    1.000000
  0.848140   -0.092971    0.000000    0.000001    0.999999
  0.854064   -0.097247    0.000005    0.000011    0.999985
  0.859988   -0.104412    0.000024    0.000053    0.999923
  0.865912   -0.114518    0.000073    0.000165    0.999762
  0.871836   -0.127633    0.000171    0.000399    0.999430
  0.877760   -0.143834    0.000337    0.000817    0.998846
  0.883684   -0.163202    0.000585    0.001491    0.997924
  0.889608   -0.185812    0.000921    0.002495    0.996584
  0.895532   -0.211726    0.001328    0.003905    0.994766
  0.901456   -0.240990    0.001760    0.005785    0.992454
  0.907380   -0.273618    0.002110    0.008154    0.989736
  0.913303   -0.309593    0.002196    0.010888    0.986916
  0.919227   -0.348856    0.001843    0.013560    0.984597
  0.925151   -0.391305    0.001160    0.015599    0.983241
  0.931075   -0.436790    0.000540    0.016988    0.982472
  0.936999   -0.485109    0.000180    0.018194    0.981626
  0.942923   -0.536014    0.000032    0.019529    0.980439
  0.948847   -0.589208    0.000009    0.021073    0.978919
  0.954771   -0.644357    0.000047    0.022817    0.977136
  0.960695   -0.701088    0.000109    0.024736    0.975155
  0.966619   -0.759007    0.000171    0.026810    0.973019
  0.972543   -0.817698    0.000215    0.029049    0.970736
  0.978466   -0.876742    0.000224    0.031561    0.968215
  0.984390   -0.935715    0.000182    0.034867    0.964951
  0.990314   -0.994200    0.000519    0.043260    0.956221
  0.996238   -1.051791    0.022430    0.054735    0.922836
  1.002162   -1.108092    0.025633    0.049756    0.924610
  1.008086   -1.162723    0.026618    0.049114    0.924268
  1.014010   -1.215322    0.027207    0.048992    0.923800
  1.019934   -1.265550    0.027563    0.048841    0.923597
  1.025858   -1.313100    0.027729    0.048493    0.923779
  1.031782   -1.357701    0.027728    0.047853    0.924419
  1.037706   -1.399131    0.027576    0.046796    0.925628
  1.043629   -1.437224    0.027268    0.044991    0.927741
  1.049553   -1.471870    0.026609    0.040950    0.932441
  1.055477   -1.503018    0.017767    0.022470    0.959763
  1.061401   -1.530669    0.002446    0.026496    0.971057
  1.067325   -1.554866    0.001422    0.028979    0.969599
  1.073249   -1.575683    0.001186    0.029304    0.969510
  1.079173   -1.593206    0.001100    0.029026    0.969874
  1.085097   -1.607520    0.001071    0.028531    0.970398
  1.091021   -1.618701    0.001075    0.027973    0.970952
  1.096945   -1.626801    0.001107    0.027431    0.971462
  1.102869   -1.631855    0.022009    0.042113    0.935878
  1.108792   -1.633902    0.021657    0.042256    0.936087
  1.114716   -1.632976    0.021588    0.042942    0.935470
  1.120640   -1.629145    0.021599    0.044363    0.934038
  1.126564   -1.622528    0.021463    0.047050    0.931487
  1.132488   -1.613310    0.019289    0.053236    0.927476
  1.138412   -1.601751    0.000099    0.041966    0.957935
  1.144336   -1.588189    0.000135    0.001002    0.998863
  1.150260   -1.573020    0.001613    0.055585    0.942801
  1.156184   -1.556683    0.000665    0.054941    0.944394
  1.162108   -1.539629    0.000415    0.057148    0.942437
  1.168032   -1.522295    0.000346    0.060919    0.938734
  1.173955   -1.505076    0.000356    0.065784    0.933860
  1.179879   -1.488305    0.000425    0.071478    0.928097
  1.185803   -1.472246    0.000571    0.077737    0.921692
  1.191727   -1.457098    0.000847    0.084183    0.914969
  1.197651   -1.443009    0.001388    0.090181    0.908431
  1.203575   -1.430105    0.002530    0.094580    0.902890
  1.209499   -1.418522    0.005226    0.095250    0.899524
  1.215423   -1.408439    0.012359    0.088805    0.898836
  1.221347   -1.400104    0.031317    0.075489    0.893194
  1.227271   -1.393844    0.065511    0.075451    0.859038
  1.233195   -1.390068    0.097464    0.099079    0.803457
  1.239119   -1.389242    0.120224    0.127799    0.751977
  1.245042   -1.391867    0.138077    0.154196    0.707726
  1.250966   -1.398439    0.153848    0.178182    0.667970
  1.256890   -1.409411    0.168669    0.200477    0.630853
  1.262814   -1.425161    0.182950    0.221544    0.595506
  1.268738   -1.445955    0.196792    0.241590    0.561618
  1.274662   -1.471934    0.210159    0.260666    0.529175
  1.280586   -1.503082    0.010345    0.421127    0.568529
  1.286510   -1.539301    0.010499    0.440660    0.548841
  1.292434   -1.580299    0.011397    0.458590    0.530013
  1.298358   -1.625688    0.258054    0.325002    0.416944
  1.304282   -1.674991    0.267223    0.338690    0.394087
  1.310205   -1.727658    0.275813    0.350750    0.373437
  1.316129   -1.783089    0.283526    0.361513    0.354962
  1.322053   -1.840654    0.290350    0.371076    0.338574
  1.327977   -1.899715    0.296322    0.379528    0.324150
  1.333901   -1.959638    0.301502    0.386950    0.311548
  1.339825   -2.019815    0.305957    0.393412    0.300631
  1.345749   -2.079667    0.309758    0.398947    0.291295
  1.351673   -2.138656    0.312973    0.403509    0.283518
  1.357597   -2.196289    0.315655    0.406887    0.277458
  1.363521   -2.252120    0.317815    0.408438    0.273746
  1.369445   -2.305750    0.319288    0.406077    0.274635
  1.375368   -2.356826    0.318250    0.390012    0.291737
  1.381292   -2.405029    0.188203    0.293570    0.518227
  1.387216   -2.450076    0.014920    0.498391    0.486689
  1.393140   -2.491709    0.010537    0.519136    0.470327
  1.399064   -2.529692    0.009991    0.520899    0.469111
  1.404988   -2.563806    0.010924    0.514770    0.474307
  1.410912   -2.593846    0.015162    0.497746    0.487093
  1.416836   -2.619624    0.040194    0.443306    0.516500
  1.422760   -2.640971    0.245808    0.333360    0.420832
  1.428684   -2.657740    0.318352    0.392894    0.288754
  1.434608   -2.669808    0.325534    0.414561    0.259906
  1.440531   -2.677086    0.327134    0.422204    0.250662
  1.446455   -2.679519    0.327584    0.424833    0.247583
  1.446455   -1.588189    0.000135    0.001002    0.998863
  1.449876   -1.590222    0.000003    0.000010    0.999986
  1.453296   -1.596305    0.000014    0.000041    0.999945
  1.456716   -1.606388    0.000031    0.000093    0.999876
  1.460136   -1.620388    0.000055    0.000164    0.999781
  1.463556   -1.638195    0.000085    0.000255    0.999659
  1.466976   -1.647247    0.013542    0.040627    0.945831
  1.470397   -1.651890    0.012525    0.037574    0.949901
  1.473817   -1.655123    0.011560    0.034679    0.953762
  1.477237   -1.656986    0.010646    0.031938    0.957416
  1.480657   -1.657524    0.009783    0.029350    0.960867
  1.484077   -1.656785    0.008970    0.026911    0.964119
  1.487497   -1.654823    0.008206    0.024619    0.967175
  1.490918   -1.651697    0.007490    0.022471    0.970039
  1.494338   -1.647467    0.006821    0.020463    0.972716
  1.497758   -1.642199    0.006198    0.018593    0.975210
  1.501178   -1.635958    0.005618    0.016856    0.977526
  1.504598   -1.628816    0.005082    0.015247    0.979671
  1.508018   -1.620845    0.004587    0.013761    0.981653
  1.511439   -1.612117    0.004131    0.012392    0.983477
  1.514859   -1.602710    0.003712    0.011136    0.985152
  1.518279   -1.592700    0.003328    0.009985    0.986687
  1.521699   -1.582167    0.002978    0.008933    0.988089
  1.525119   -1.571188    0.002658    0.007975    0.989367
  1.528540   -1.559845    0.002368    0.007103    0.990530
  1.531960   -1.548216    0.002104    0.006311    0.991585
  1.535380   -1.536382    0.001865    0.005594    0.992542
  1.538800   -1.524420    0.001648    0.004945    0.993407
  1.542220   -1.512407    0.001453    0.004359    0.994188
  1.545640   -1.500419    0.001277    0.003831    0.994892
  1.549061   -1.488526    0.001118    0.003355    0.995526
  1.552481   -1.476798    0.000976    0.002928    0.996095
  1.555901   -1.465298    0.000849    0.002545    0.996606
  1.559321   -1.454089    0.000734    0.002203    0.997063
  1.562741   -1.443225    0.000632    0.001896    0.997471
  1.566161   -1.432759    0.000541    0.001624    0.997835
  1.569582   -1.422738    0.000460    0.001381    0.998159
  1.573002   -1.413204    0.000389    0.001166    0.998446
  1.576422   -1.404196    0.000325    0.000975    0.998699
  1.579842   -1.395745    0.000269    0.000808    0.998923
  1.583262   -1.387883    0.000220    0.000661    0.999118
  1.586682   -1.380634    0.000178    0.000533    0.999289
  1.590103   -1.374019    0.000141    0.000422    0.999437
  1.593523   -1.368059    0.000109    0.000327    0.999565
  1.596943   -1.362767    0.000082    0.000245    0.999673
  1.600363   -1.358157    0.000059    0.000177    0.999763
  1.603783   -1.354240    0.000040    0.000121    0.999838
  1.607203   -1.351025    0.000026    0.000077    0.999898
  1.610624   -1.348517    0.000014    0.000043    0.999943
  1.614044   -1.346723    0.000006    0.000019    0.999975
  1.617464   -1.345645    0.000002    0.000005    0.999994
  1.620884   -1.345285    0.000000    0.000000    1.000000

  0.000000   -0.091549    0.000000    0.000000    1.000000
  0.006840   -0.092070    0.000000    0.000000    1.000000
  0.013681   -0.093584    0.000000    0.000000    1.000000
  0.020521   -0.095949    0.000000    0.000000    1.000000
  0.027361   -0.098951    0.000000    0.000000    1.000000
  0.034202   -0.102324    0.000000    0.000000    1.000000
  0.041042   -0.105781    0.000000    0.000000    1.000000
  0.047882   -0.109033    0.000000    0.000000    1.000000
  0.054723   -0.111803    0.000000    0.000000    1.000000
  0.061563   -0.113828    0.000000    0.000000    0.999999
  0.068403   -0.114851    0.000001    0.000001    0.999998
  0.075244   -0.114608    0.000001    0.000001    0.999997
  0.082084   -0.112812    0.000003    0.000003    0.999995
  0.088924   -0.109136    0.000085    0.000085    0.999831
  0.095765   -0.103208    0.000120    0.000120    0.999761
  0.102605   -0.094615    0.000164    0.000164    0.999672
  0.109445   -0.082914    0.000211    0.000211    0.999578
  0.116286   -0.067648    0.000236    0.000236    0.999529
  0.123126   -0.048370    0.000223    0.000223    0.999554
  0.129967   -0.024667    0.000211    0.000211    0.999577
  0.136807    0.003826    0.000219    0.000219    0.999563
  0.143647    0.037410    0.000241    0.000241    0.999518
  0.150488    0.076320    0.000795    0.000795    0.998409
  0.157328    0.120740    0.000980    0.000980    0.998041
  0.164168    0.170786    0.001181    0.001181    0.997638
  0.171009    0.226532    0.001398    0.001398    0.997205
  0.177849    0.288009    0.000483    0.000483    0.999035
  0.184689    0.355223    0.000552    0.000552    0.998895
  0.191530    0.428149    0.000622    0.000622    0.998756
  0.198370    0.506735    0.000691    0.000691    0.998618
  0.205210    0.590893    0.000758    0.000758    0.998484
  0.212051    0.680493    0.000818    0.000818    0.998364
  0.218891    0.775349    0.000864    0.000864    0.998272
  0.225731    0.875211    0.000884    0.000884    0.998232
  0.232572    0.979748    0.000855    0.000855    0.998291
  0.239412    1.088539    0.000736    0.000736    0.998528
  0.246252    1.201060    0.000554    0.000554    0.998892
  0.253093    1.316665    0.001230    0.001230    0.997540
  0.259933    1.434576    0.002554    0.002554    0.994892
  0.266773    1.553858    0.002898    0.002898    0.994204
  0.273614    1.673398    0.002655    0.002655    0.994689
  0.280454    1.791886    0.002525    0.002525    0.994949
  0.287294    1.907797    0.002505    0.002505    0.994989
  0.294135    2.019398    0.002975    0.002975    0.994049
  0.300975    2.124763    0.003352    0.003352    0.993297
  0.307815    2.221836    0.002516    0.002516    0.994968
  0.314656    2.308512    0.001824    0.001824    0.996352
  0.321496    2.382739    0.001199    0.001199    0.997601
  0.328336    2.442644    0.000670    0.000670    0.998661
  0.335177    2.486643    0.000282    0.000282    0.999435
  0.342017    2.513540    0.000065    0.000065    0.999869
  0.348857    2.522590    0.000000    0.000000    1.000000
  0.353694    2.516434    0.000000    0.000000    1.000000
  0.358531    2.498064    0.000000    0.000000    1.000000
  0.363368    2.467761    0.000000    0.000000    1.000000
  0.368205    2.425976    0.000000    0.000000    1.000000
  0.373042    2.373307    0.000000    0.000000    1.000000
  0.377879    2.310463    0.000000    0.000000    1.000000
  0.382715    2.238239    0.000000    0.000000    1.000000
  0.387552    2.157482    0.000000    0.000000    1.000000
  0.392389    2.069069    0.000000    0.000000    1.000000
